p cnf 29 55
10 -9 0
9 -10 0
11 -1 0
1 -11 0
12 -2 0
2 -12 0
13 -3 0
3 -13 0
14 -4 0
4 -14 0
15 -5 0
5 -15 0
17 -16 0
16 -17 0
19 -13 -18 0
-19 13 0
-19 18 0
-9 -20 0
20 9 0
20 -21 -22 0
-20 21 0
-20 22 0
24 -23 -21 0
-24 23 0
-24 21 0
25 -18 -14 0
-25 18 0
-25 14 0
-22 -26 0
26 22 0
-23 -19 0
19 23 0
-21 -25 0
25 21 0
-16 -24 0
24 16 0
-18 -27 0
27 18 0
26 -15 -11 0
-26 15 0
-26 11 0
27 -12 -15 0
-27 12 0
-27 15 0
-28 -6 10 0
-28 6 -10 0
28 6 10 0
28 -6 -10 0
-29 -7 17 0
-29 7 -17 0
29 7 17 0
29 -7 -17 0
8 -28 -29 0
-8 28 0
-8 29 0